s 	l 	c 	mips_e	mips_q	
1	1	2	1.2	613.2067535345136	
1	1	3	1.2	507.3553924547303	
1	1	4	1.2	598.7834896518193	
1	1	5	1.2	611.7862186017237	
1	1	6	1.2	608.6384196590822	
1	1	7	1.2	593.7114130592981	
1	1	8	1.2	601.6066781003606	
1	1	9	1.2	556.6273310209087	
1	2	1	2.65	1348.276457285876	
1	2	2	2.65	1364.4171997888038	
1	2	3	2.65	1324.7739374006308	
1	2	4	2.65	1322.0320076242833	
1	2	5	2.65	1387.5814186490293	
1	2	6	2.65	1321.8212830855682	
1	2	7	2.65	1202.3476867393533	
1	2	8	2.65	1360.2963653150844	
1	2	9	2.65	1308.0939480005104	
2	1	1	1.2	556.3762222584472	
2	1	2	1.2	600.4659156786516	
2	1	3	1.2	583.1126401181489	
2	1	4	1.2	582.5280886923492	
2	1	5	1.2	589.7309313402445	
2	1	6	1.2	604.4208695552728	
2	1	7	1.2	615.3192529785616	
2	1	8	1.2	561.3812796026435	
2	1	9	1.2	627.8836594754875	
2	1	10	1.2	595.226336548446	
2	1	11	1.2	597.4237017291989	
2	1	12	1.2	609.4441917231337	
2	1	13	1.2	680.8021894923598	
2	1	14	1.2	622.5586413211671	
2	1	15	1.2	663.682728094854	
2	1	16	1.2	507.2839543112096	
2	1	17	1.2	604.6320384299036	
2	1	18	1.2	600.58207978132	
2	1	19	1.2	589.5590111787724	
2	1	20	1.2	603.885337944183	
2	2	1	2.65	1412.2996531657586	
2	2	2	2.65	1312.3041412973357	
2	2	3	2.65	1356.0557772945158	
2	2	4	2.65	1299.406952143487	
2	2	5	2.65	1302.1352526632945	
2	2	6	2.65	1230.3104673982284	
2	2	7	2.65	1386.5151834981455	
2	2	8	2.65	1440.517950547856	
2	2	9	2.65	1361.1514933984256	
2	2	10	2.65	1403.1506746020627	
2	2	11	2.65	1365.397578690613	
2	2	12	2.65	1357.8942037263243	
2	2	13	2.65	1183.2008631446763	
2	2	14	2.65	1388.3725660627028	
2	2	15	2.65	1237.0958017108073	
2	2	16	2.65	1420.5971385113805	
2	2	17	2.65	1278.4463354927304	
2	2	18	2.65	1246.066845662374	
2	2	19	2.65	1229.3538746337078	
2	2	20	2.65	1067.8728483763516	
3	1	1	1.2	709.6092491938163	
3	1	2	1.2	585.0968485233028	
3	1	3	1.2	576.2763615525303	
3	1	4	1.2	604.3055037585834	
3	1	5	1.2	601.9917833322243	
3	1	6	1.2	613.973614129141	
3	1	7	1.2	589.7331238889469	
3	1	8	1.2	641.2834423414503	
3	1	9	1.2	574.8892453376674	
3	2	1	2.65	1324.9998056574061	
3	2	2	2.65	1331.9338380596705	
3	2	3	2.65	1406.0847190289217	
3	2	4	2.65	1344.9865385274052	
3	2	5	2.65	1243.1595929817186	
3	2	6	2.65	1282.3348549442703	
3	2	7	2.65	1353.6105921856301	
3	2	8	2.65	1368.0629952596164	
3	2	9	2.65	957.3588340774222	
4	1	1	1.2	584.6792879726415	
4	1	2	1.2	589.3199912109319	
4	1	3	1.2	629.4422107443763	
4	1	4	1.2	615.089593034893	
4	1	5	1.2	601.9027585597134	
4	1	6	1.2	594.3563833083874	
4	1	7	1.2	623.5533029634499	
4	1	8	1.2	569.002388290513	
4	1	9	1.2	627.850856468358	
4	1	10	1.2	626.0351503362631	
4	1	11	1.2	552.3342956818667	
4	1	12	1.2	592.5825684400518	
4	1	13	1.2	629.2272309097173	
4	1	14	1.2	611.0745563608459	
4	1	15	1.2	598.7397019834843	
4	1	16	1.2	669.7747617287152	
4	1	17	1.2	590.9701260132074	
4	1	18	1.2	584.0121893234041	
4	1	19	1.2	529.8752217776243	
4	1	20	1.2	588.1381413014701	
4	2	1	2.65	1395.4228145803465	
4	2	2	2.65	1363.049143402403	
4	2	3	2.65	1413.4794830438605	
4	2	4	2.65	1306.2500112323837	
4	2	5	2.65	1368.5545578201036	
4	2	6	2.65	1368.704635126591	
4	2	7	2.65	1307.770214488617	
4	2	8	2.65	1324.0824426714953	
4	2	9	2.65	1399.4889171704403	
4	2	10	2.65	1300.8105144443794	
4	2	11	2.65	1404.4210900537632	
4	2	12	2.65	1420.882277166337	
4	2	13	2.65	1240.654937183715	
4	2	14	2.65	1222.63660052834	
4	2	15	2.65	1355.2174451236592	
4	2	16	2.65	1136.28912311581	
4	2	17	2.65	1433.7102263710472	
4	2	18	2.65	1373.2763979448246	
4	2	19	2.65	1397.8525334819074	
4	2	20	2.65	1148.9397934867704	
5	1	1	1.2	563.3917598083642	
5	1	2	1.2	575.854363138945	
5	1	3	1.2	564.9091221143847	
5	1	4	1.2	594.2372563217448	
5	1	5	1.2	596.1342114374235	
5	1	6	1.2	571.4412546666024	
5	1	7	1.2	620.9049626504993	
5	1	8	1.2	621.3083181932564	
5	1	9	1.2	684.8368448349145	
5	2	1	2.65	1092.4461957836472	
5	2	2	2.65	1378.7026030024604	
5	2	3	2.65	1180.5091235272685	
5	2	4	2.65	1315.3722564836714	
5	2	5	2.65	1318.5200315562215	
5	2	6	2.65	1244.660831781313	
5	2	7	2.65	1213.2787609204868	
5	2	8	2.65	1260.7741706519364	
5	2	9	2.65	1180.1950425833277	
6	1	1	1.2	603.5015295277469	
6	1	2	1.2	567.7330653177714	
6	1	3	1.2	648.1954188249608	
6	1	4	1.2	575.7834889740691	
6	1	5	1.2	596.5866858893755	
6	1	6	1.2	613.3119220897288	
6	1	7	1.2	606.4559155458851	
6	1	8	1.2	606.1530063746419	
6	1	9	1.2	658.0409436790756	
6	1	10	1.2	628.083712968647	
6	1	11	1.2	594.6874888181372	
6	1	12	1.2	597.8543060959835	
6	1	13	1.2	566.7243494307111	
6	1	14	1.2	510.1655153916571	
6	1	15	1.2	623.3468706862857	
6	1	16	1.2	558.649829490975	
6	1	17	1.2	596.0387069930068	
6	1	18	1.2	480.76176342778894	
6	1	19	1.2	514.9855986353093	
6	1	20	1.2	606.8263292980489	
6	2	1	2.65	1388.6345786058052	
6	2	2	2.65	1315.4508566220334	
6	2	3	2.65	1278.5787781607369	
6	2	4	2.65	1418.0471891299526	
6	2	5	2.65	1343.937976632964	
6	2	6	2.65	1379.4874358943887	
6	2	7	2.65	1360.7748371189655	
6	2	8	2.65	1224.9874397780375	
6	2	9	2.65	1354.4022135483676	
6	2	10	2.65	1354.9256685317955	
6	2	11	2.65	1306.2525469480988	
6	2	12	2.65	1347.28384169624	
6	2	13	2.65	1386.3106338190837	
6	2	14	2.65	1482.0072095805415	
6	2	15	2.65	1314.708472365437	
6	2	16	2.65	1363.1589640536693	
6	2	17	2.65	1334.7199866862472	
6	2	18	2.65	1251.9815774199583	
6	2	19	2.65	856.2495244387754	
6	2	20	2.65	1243.4006947763064	
7	1	1	1.2	550.1989875971474	
7	1	2	1.2	604.8529875551019	
7	1	3	1.2	725.4750307092089	
7	1	4	1.2	579.334225812514	
7	1	5	1.2	562.4797217882797	
7	1	6	1.2	603.3112944992135	
7	1	7	1.2	569.5635428250646	
7	1	8	1.2	605.999584253198	
7	1	9	1.2	645.3105067888912	
7	2	1	2.65	1103.8790194605308	
7	2	2	2.65	1280.0096009304186	
7	2	3	2.65	1079.8835384502113	
7	2	4	2.65	1368.977581996327	
7	2	5	2.65	1383.591483619808	
7	2	6	2.65	1299.4230368146896	
7	2	7	2.65	1318.5190699801324	
7	2	8	2.65	1376.2159079237335	
7	2	9	2.65	1182.2558954887131	
8	1	1	1.2	559.6493609721015	
8	1	2	1.2	620.2845009049447	
8	1	3	1.2	607.841544321197	
8	1	4	1.2	577.7809956961671	
8	1	5	1.2	554.8784449428945	
8	1	6	1.2	602.2345168114718	
8	1	7	1.2	613.1154361999891	
8	1	8	1.2	634.6945519489898	
8	1	9	1.2	601.6502105827319	
8	1	10	1.2	562.433664323705	
8	1	11	1.2	598.1401316531026	
8	1	12	1.2	640.2429812988739	
8	1	13	1.2	597.7858379694014	
8	1	14	1.2	537.4247271918941	
8	1	15	1.2	612.8778372412403	
8	1	16	1.2	671.5106242750302	
8	1	17	1.2	540.2898039094516	
8	1	18	1.2	661.1970785073922	
8	1	19	1.2	570.6479826879333	
8	1	20	1.2	542.6446394243516	
8	2	1	2.65	1347.2752776149828	
8	2	2	2.65	1356.2691865876209	
8	2	3	2.65	1405.1740563880905	
8	2	4	2.65	1372.91515536713	
8	2	5	2.65	1297.7425395257364	
8	2	6	2.65	1395.1049568589035	
8	2	7	2.65	1320.5181383685979	
8	2	8	2.65	1312.7709649251894	
8	2	9	2.65	1338.8392054885278	
8	2	10	2.65	1385.340133887175	
8	2	11	2.65	1397.9676622115421	
8	2	12	2.65	1360.5726897476466	
8	2	13	2.65	1384.3751804827239	
8	2	14	2.65	1235.3097123339087	
8	2	15	2.65	1345.62193661994	
8	2	16	2.65	915.6253832185084	
8	2	17	2.65	1440.1098882683523	
8	2	18	2.65	1327.6111572858897	
8	2	19	2.65	1363.3369560708845	
8	2	20	2.65	1318.154700902536	
