#meta full request: /geometry/ft/fthodo:0:default:2016-12-04_13-07-13
#meta variation: default
#meta created: 2016-12-04 13:07:13
#meta run range: 0 - inf.
#meta author: devita

#

#& sector layer component x y z width thickness
1 1 1 98.8 129.2 1813.71 15 7
1 1 2 76 136.8 1813.71 30 7
1 1 3 129.2 98.8 1813.71 15 7
1 1 4 106.4 106.4 1813.71 30 7
1 1 5 76 106.4 1813.71 30 7
1 1 6 136.8 76 1813.71 30 7
1 1 7 106.4 76 1813.71 30 7
1 1 8 76 76 1813.71 30 7
1 1 9 53.2 53.2 1813.71 15 7
2 1 1 45.6 152 1813.71 30 7
2 1 2 15.2 152 1813.71 30 7
2 1 3 -15.2 152 1813.71 30 7
2 1 4 -45.6 152 1813.71 30 7
2 1 5 45.6 121.6 1813.71 30 7
2 1 6 15.2 121.6 1813.71 30 7
2 1 7 -15.2 121.6 1813.71 30 7
2 1 8 -45.6 121.6 1813.71 30 7
2 1 9 45.6 91.2 1813.71 30 7
2 1 10 15.2 91.2 1813.71 30 7
2 1 11 -15.2 91.2 1813.71 30 7
2 1 12 -45.6 91.2 1813.71 30 7
2 1 13 53.2 68.4 1813.71 15 7
2 1 14 38 68.4 1813.71 15 7
2 1 15 22.8 68.4 1813.71 15 7
2 1 16 7.6 68.4 1813.71 15 7
2 1 17 -7.6 68.4 1813.71 15 7
2 1 18 -22.8 68.4 1813.71 15 7
2 1 19 -38 68.4 1813.71 15 7
2 1 20 -53.2 68.4 1813.71 15 7
3 1 1 -129.2 98.8 1813.71 15 7
3 1 2 -136.8 76 1813.71 30 7
3 1 3 -98.8 129.2 1813.71 15 7
3 1 4 -106.4 106.4 1813.71 30 7
3 1 5 -106.4 76 1813.71 30 7
3 1 6 -76 136.8 1813.71 30 7
3 1 7 -76 106.4 1813.71 30 7
3 1 8 -76 76 1813.71 30 7
3 1 9 -53.2 53.2 1813.71 15 7
4 1 1 -152 45.6 1813.71 30 7
4 1 2 -152 15.2 1813.71 30 7
4 1 3 -152 -15.2 1813.71 30 7
4 1 4 -152 -45.6 1813.71 30 7
4 1 5 -121.6 45.6 1813.71 30 7
4 1 6 -121.6 15.2 1813.71 30 7
4 1 7 -121.6 -15.2 1813.71 30 7
4 1 8 -121.6 -45.6 1813.71 30 7
4 1 9 -91.2 45.6 1813.71 30 7
4 1 10 -91.2 15.2 1813.71 30 7
4 1 11 -91.2 -15.2 1813.71 30 7
4 1 12 -91.2 -45.6 1813.71 30 7
4 1 13 -68.4 53.2 1813.71 15 7
4 1 14 -68.4 38 1813.71 15 7
4 1 15 -68.4 22.8 1813.71 15 7
4 1 16 -68.4 7.6 1813.71 15 7
4 1 17 -68.4 -7.6 1813.71 15 7
4 1 18 -68.4 -22.8 1813.71 15 7
4 1 19 -68.4 -38 1813.71 15 7
4 1 20 -68.4 -53.2 1813.71 15 7
5 1 1 -98.8 -129.2 1813.71 15 7
5 1 2 -76 -136.8 1813.71 30 7
5 1 3 -129.2 -98.8 1813.71 15 7
5 1 4 -106.4 -106.4 1813.71 30 7
5 1 5 -76 -106.4 1813.71 30 7
5 1 6 -136.8 -76 1813.71 30 7
5 1 7 -106.4 -76 1813.71 30 7
5 1 8 -76 -76 1813.71 30 7
5 1 9 -53.2 -53.2 1813.71 15 7
6 1 1 -45.6 -152 1813.71 30 7
6 1 2 -15.2 -152 1813.71 30 7
6 1 3 15.2 -152 1813.71 30 7
6 1 4 45.6 -152 1813.71 30 7
6 1 5 -45.6 -121.6 1813.71 30 7
6 1 6 -15.2 -121.6 1813.71 30 7
6 1 7 15.2 -121.6 1813.71 30 7
6 1 8 45.6 -121.6 1813.71 30 7
6 1 9 -45.6 -91.2 1813.71 30 7
6 1 10 -15.2 -91.2 1813.71 30 7
6 1 11 15.2 -91.2 1813.71 30 7
6 1 12 45.6 -91.2 1813.71 30 7
6 1 13 -53.2 -68.4 1813.71 15 7
6 1 14 -38 -68.4 1813.71 15 7
6 1 15 -22.8 -68.4 1813.71 15 7
6 1 16 -7.6 -68.4 1813.71 15 7
6 1 17 7.6 -68.4 1813.71 15 7
6 1 18 22.8 -68.4 1813.71 15 7
6 1 19 38 -68.4 1813.71 15 7
6 1 20 53.2 -68.4 1813.71 15 7
7 1 1 129.2 -98.8 1813.71 15 7
7 1 2 136.8 -76 1813.71 30 7
7 1 3 98.8 -129.2 1813.71 15 7
7 1 4 106.4 -106.4 1813.71 30 7
7 1 5 106.4 -76 1813.71 30 7
7 1 6 76 -136.8 1813.71 30 7
7 1 7 76 -106.4 1813.71 30 7
7 1 8 76 -76 1813.71 30 7
7 1 9 53.2 -53.2 1813.71 15 7
8 1 1 152 -45.6 1813.71 30 7
8 1 2 152 -15.2 1813.71 30 7
8 1 3 152 15.2 1813.71 30 7
8 1 4 152 45.6 1813.71 30 7
8 1 5 121.6 -45.6 1813.71 30 7
8 1 6 121.6 -15.2 1813.71 30 7
8 1 7 121.6 15.2 1813.71 30 7
8 1 8 121.6 45.6 1813.71 30 7
8 1 9 91.2 -45.6 1813.71 30 7
8 1 10 91.2 -15.2 1813.71 30 7
8 1 11 91.2 15.2 1813.71 30 7
8 1 12 91.2 45.6 1813.71 30 7
8 1 13 68.4 -53.2 1813.71 15 7
8 1 14 68.4 -38 1813.71 15 7
8 1 15 68.4 -22.8 1813.71 15 7
8 1 16 68.4 -7.6 1813.71 15 7
8 1 17 68.4 7.6 1813.71 15 7
8 1 18 68.4 22.8 1813.71 15 7
8 1 19 68.4 38 1813.71 15 7
8 1 20 68.4 53.2 1813.71 15 7
1 2 1 98.8 129.2 1825.41 15 15
1 2 2 76 136.8 1825.41 30 15
1 2 3 129.2 98.8 1825.41 15 15
1 2 4 106.4 106.4 1825.41 30 15
1 2 5 76 106.4 1825.41 30 15
1 2 6 136.8 76 1825.41 30 15
1 2 7 106.4 76 1825.41 30 15
1 2 8 76 76 1825.41 30 15
1 2 9 53.2 53.2 1825.41 15 15
2 2 1 45.6 152 1825.41 30 15
2 2 2 15.2 152 1825.41 30 15
2 2 3 -15.2 152 1825.41 30 15
2 2 4 -45.6 152 1825.41 30 15
2 2 5 45.6 121.6 1825.41 30 15
2 2 6 15.2 121.6 1825.41 30 15
2 2 7 -15.2 121.6 1825.41 30 15
2 2 8 -45.6 121.6 1825.41 30 15
2 2 9 45.6 91.2 1825.41 30 15
2 2 10 15.2 91.2 1825.41 30 15
2 2 11 -15.2 91.2 1825.41 30 15
2 2 12 -45.6 91.2 1825.41 30 15
2 2 13 53.2 68.4 1825.41 15 15
2 2 14 38 68.4 1825.41 15 15
2 2 15 22.8 68.4 1825.41 15 15
2 2 16 7.6 68.4 1825.41 15 15
2 2 17 -7.6 68.4 1825.41 15 15
2 2 18 -22.8 68.4 1825.41 15 15
2 2 19 -38 68.4 1825.41 15 15
2 2 20 -53.2 68.4 1825.41 15 15
3 2 1 -129.2 98.8 1825.41 15 15
3 2 2 -136.8 76 1825.41 30 15
3 2 3 -98.8 129.2 1825.41 15 15
3 2 4 -106.4 106.4 1825.41 30 15
3 2 5 -106.4 76 1825.41 30 15
3 2 6 -76 136.8 1825.41 30 15
3 2 7 -76 106.4 1825.41 30 15
3 2 8 -76 76 1825.41 30 15
3 2 9 -53.2 53.2 1825.41 15 15
4 2 1 -152 45.6 1825.41 30 15
4 2 2 -152 15.2 1825.41 30 15
4 2 3 -152 -15.2 1825.41 30 15
4 2 4 -152 -45.6 1825.41 30 15
4 2 5 -121.6 45.6 1825.41 30 15
4 2 6 -121.6 15.2 1825.41 30 15
4 2 7 -121.6 -15.2 1825.41 30 15
4 2 8 -121.6 -45.6 1825.41 30 15
4 2 9 -91.2 45.6 1825.41 30 15
4 2 10 -91.2 15.2 1825.41 30 15
4 2 11 -91.2 -15.2 1825.41 30 15
4 2 12 -91.2 -45.6 1825.41 30 15
4 2 13 -68.4 53.2 1825.41 15 15
4 2 14 -68.4 38 1825.41 15 15
4 2 15 -68.4 22.8 1825.41 15 15
4 2 16 -68.4 7.6 1825.41 15 15
4 2 17 -68.4 -7.6 1825.41 15 15
4 2 18 -68.4 -22.8 1825.41 15 15
4 2 19 -68.4 -38 1825.41 15 15
4 2 20 -68.4 -53.2 1825.41 15 15
5 2 1 -98.8 -129.2 1825.41 15 15
5 2 2 -76 -136.8 1825.41 30 15
5 2 3 -129.2 -98.8 1825.41 15 15
5 2 4 -106.4 -106.4 1825.41 30 15
5 2 5 -76 -106.4 1825.41 30 15
5 2 6 -136.8 -76 1825.41 30 15
5 2 7 -106.4 -76 1825.41 30 15
5 2 8 -76 -76 1825.41 30 15
5 2 9 -53.2 -53.2 1825.41 15 15
6 2 1 -45.6 -152 1825.41 30 15
6 2 2 -15.2 -152 1825.41 30 15
6 2 3 15.2 -152 1825.41 30 15
6 2 4 45.6 -152 1825.41 30 15
6 2 5 -45.6 -121.6 1825.41 30 15
6 2 6 -15.2 -121.6 1825.41 30 15
6 2 7 15.2 -121.6 1825.41 30 15
6 2 8 45.6 -121.6 1825.41 30 15
6 2 9 -45.6 -91.2 1825.41 30 15
6 2 10 -15.2 -91.2 1825.41 30 15
6 2 11 15.2 -91.2 1825.41 30 15
6 2 12 45.6 -91.2 1825.41 30 15
6 2 13 -53.2 -68.4 1825.41 15 15
6 2 14 -38 -68.4 1825.41 15 15
6 2 15 -22.8 -68.4 1825.41 15 15
6 2 16 -7.6 -68.4 1825.41 15 15
6 2 17 7.6 -68.4 1825.41 15 15
6 2 18 22.8 -68.4 1825.41 15 15
6 2 19 38 -68.4 1825.41 15 15
6 2 20 53.2 -68.4 1825.41 15 15
7 2 1 129.2 -98.8 1825.41 15 15
7 2 2 136.8 -76 1825.41 30 15
7 2 3 98.8 -129.2 1825.41 15 15
7 2 4 106.4 -106.4 1825.41 30 15
7 2 5 106.4 -76 1825.41 30 15
7 2 6 76 -136.8 1825.41 30 15
7 2 7 76 -106.4 1825.41 30 15
7 2 8 76 -76 1825.41 30 15
7 2 9 53.2 -53.2 1825.41 15 15
8 2 1 152 -45.6 1825.41 30 15
8 2 2 152 -15.2 1825.41 30 15
8 2 3 152 15.2 1825.41 30 15
8 2 4 152 45.6 1825.41 30 15
8 2 5 121.6 -45.6 1825.41 30 15
8 2 6 121.6 -15.2 1825.41 30 15
8 2 7 121.6 15.2 1825.41 30 15
8 2 8 121.6 45.6 1825.41 30 15
8 2 9 91.2 -45.6 1825.41 30 15
8 2 10 91.2 -15.2 1825.41 30 15
8 2 11 91.2 15.2 1825.41 30 15
8 2 12 91.2 45.6 1825.41 30 15
8 2 13 68.4 -53.2 1825.41 15 15
8 2 14 68.4 -38 1825.41 15 15
8 2 15 68.4 -22.8 1825.41 15 15
8 2 16 68.4 -7.6 1825.41 15 15
8 2 17 68.4 7.6 1825.41 15 15
8 2 18 68.4 22.8 1825.41 15 15
8 2 19 68.4 38 1825.41 15 15
8 2 20 68.4 53.2 1825.41 15 15
